params:
  confirmation_bars: 1
  cooldown_bars: 4
  k_atr: 1.9783337444749187
  m_atr: 2.73487150336544
  risk_pct: 0.01701368703692733
  rsi_overbought: 60
  rsi_oversold: 36
  rsi_period: 5
  short_tp_multiplier: 1.9817680865410567
target: 0.6403454156955407
