params:
  confirmation_bars: 2
  cooldown_bars: 5
  k_atr: 2.0979909127171075
  m_atr: 3.79597545259111
  risk_pct: 0.007340279606636548
  rsi_overbought: 65
  rsi_oversold: 12
  rsi_period: 18
  short_tp_multiplier: 1.6011150117432087
target: -1000.0
