params:
  confirmation_bars: 1.3569093363357188
  cooldown_bars: 1.350841388884173
  k_atr: 1.9974203632722025
  m_atr: 3.399184702271005
  risk_pct: 0.016285195780482497
  rsi_overbought: 64.27136913336267
  rsi_oversold: 38.465294581972934
  rsi_period: 5.157980439251687
  short_tp_multiplier: 1.9560089843964767
target: 0.6303198473190373
